0,495901	0,922333	maria
0,925539	1,835539	dąbrowska
2,023168	2,479505	boże
2,420000	3,283207	narodzenie
4,736710	5,198411	bardzo
5,159936	6,020000	tęskniliśmy
6,002113	6,141051	do
6,104713	6,928721	gwiazdki
7,763417	8,175955	dnie
8,135342	8,420000	były
8,404668	8,778731	coraz
8,750000	9,392195	krótsze
9,791908	9,913746	a
9,880000	10,424610	pogoda
10,409647	11,067999	wilgotna
11,055174	11,215486	i
11,215486	11,840000	ciepła
12,199804	12,991753	wszystkie
12,960000	13,551779	odgłosy
13,538954	13,936530	dawały
13,900000	14,090430	się
14,043405	14,600000	słyszeć
14,560681	15,300258	miękko
15,253233	15,372933	i
15,330000	16,068156	donośnie
16,489245	16,999039	koguty
16,999039	17,516850	piały
17,450000	17,630000	i
17,593800	17,925113	biły
17,890000	18,730000	skrzydłami
19,360715	19,917267	wiosna
19,880000	20,470881	wychylała
20,404618	20,610000	się
20,577756	20,725244	ze
20,682494	21,080000	swego
21,020220	21,600000	ukrycia
21,580000	22,298448	nieśmiało
22,280000	22,390000	i
22,347739	23,116310	żałośnie
23,493847	23,602325	a
23,580000	24,350000	gwiazdka
24,329077	24,983352	oddalała
24,960000	25,196904	się
25,140000	26,050000	zasmucona
26,512538	26,633307	a
26,607657	26,930000	potem
26,910000	27,513959	przychodził
27,480000	28,100000	mróz
28,080000	28,170000	i
28,150000	28,663936	słychać
28,630000	28,950000	było
28,930000	29,110000	że
29,090000	29,400000	ona
29,380000	29,792538	znów
29,740000	30,474937	nadchodzi
30,873047	31,400000	tupiąc
31,380000	31,550000	i
31,530000	32,160000	dudniąc
32,140000	32,320000	po
32,300000	32,930000	zmarzłej
32,883370	33,340000	ziemi
33,690812	34,003422	padał
33,961450	34,559174	śnieg
34,495049	34,713074	i
34,670000	35,190000	miękką
35,170000	35,717701	ścielił
35,709151	36,004127	jej
35,950000	36,483462	drogę
37,129523	37,543130	rano
37,504655	37,906506	widać
37,850000	38,110000	było
38,090000	38,410000	śród
38,390000	39,377109	bledniejących
39,330000	40,232111	mroków
40,300000	40,557011	jak
40,510000	41,060000	drogą
41,040000	41,190000	za
41,170000	41,664239	stawem
41,630000	42,160000	długim
42,140000	42,660000	rzędem
42,640000	43,053617	idą
43,020000	43,340042	ludzie
43,280000	43,464018	na
43,425543	44,103131	roraty
44,540000	45,144096	latarnie
45,100000	45,242421	i
45,210000	45,853748	kaganki
45,819013	46,140173	które
46,100000	46,646762	nieśli
46,895781	47,426951	rzucały
47,380000	47,890000	długie
47,870000	48,388828	czerwone
48,340000	48,820604	smugi
48,793980	49,192530	poprzez
49,196805	49,710000	staw
50,050204	50,242579	aż
50,323804	50,710000	prawie
50,704067	50,928184	do
50,911084	51,248809	okien
51,180000	51,680000	dworu
52,120911	52,312136	i
52,311099	52,800638	wielkie
52,770000	53,240000	cienie
53,220000	53,843740	kroczyły
53,810000	54,262691	również
54,230000	54,370000	do
54,365291	55,070667	kościoła
55,427631	56,254845	wieczorem
56,280000	56,806321	zanim
56,814871	57,443297	okiennice
57,400000	58,210127	zamknięto
58,520000	58,935276	dzieci
58,900000	59,700502	przybliżały
59,670000	60,130000	się
60,110000	60,930000	niezupełnie
60,910000	61,330000	pewnym
61,310000	61,790000	krokiem
61,770000	62,040000	do
62,020000	62,611783	okien
62,675909	62,855459	i
62,851184	63,546942	patrzyły
63,773517	64,090000	jak
64,092005	64,280000	tam
64,260000	64,510000	za
64,490000	64,843338	nimi
64,809138	65,200000	śni
65,180000	65,476040	noc
65,430000	66,520000	prześliczna
66,523951	67,520000	obojętna
67,649347	68,444499	wyraźna
68,691915	68,917422	jak
68,890000	69,040000	na
69,020000	69,759599	bladozłotym
69,700000	70,250000	śniegu
70,230000	70,590000	leżą
70,570000	71,240000	granatowe
71,220000	71,606403	cienie
71,570000	72,090000	drzew
72,070000	72,150000	i
72,130000	72,955702	gałęzi
73,280000	73,577182	jak
73,540000	74,060000	wysoko
74,040000	74,406534	między
74,370000	74,838309	białymi
74,810000	75,550000	konarami
75,530000	75,941262	wiszą
75,900000	76,569688	drżące
76,540000	77,293768	gwiazdy
77,668900	77,800891	a
77,745316	77,920591	na
77,880000	78,694368	największej
78,660000	79,577691	wysokości
79,988627	80,977223	niedosiężny
80,985773	81,610000	płynie
81,590000	82,832577	złotosrebrzysty
82,790000	84,130000	księżyc
84,110000	84,666555	nareszcie
84,630000	85,200000	zamykano
85,179557	86,101890	okiennice
86,512825	86,923760	wtedy
86,881010	87,280000	dzieci
87,260000	87,870000	zasiadały
87,850000	88,090000	przy
88,070000	88,505514	wielkim
88,488414	89,040000	stole
89,020000	89,090000	i
89,070000	89,630000	zaczynały
89,610000	89,826491	się
89,790000	90,241167	roboty
90,177042	90,365143	na
90,348043	90,930000	choinkę
91,519395	92,164921	klajstrem
92,130000	92,271797	z
92,250422	92,740000	żytniej
92,712123	93,156724	mąki
93,110000	93,528649	kleił
93,500000	93,759500	się
93,730000	94,140000	pasek
94,120000	94,270000	do
94,250000	94,830000	paska
95,149947	95,620000	żółty
95,600000	95,790000	z
95,770000	96,597571	fiołkowym
96,747731	97,380000	czerwony
97,360000	97,470000	z
97,450000	98,357806	granatowym
98,610000	99,140000	zielony
99,120000	99,260000	z
99,240000	100,170000	szafirowym
100,350000	101,230000	srebrny
101,240231	101,475891	ze
101,475891	102,155618	złotym
102,496550	103,225973	długie
103,268189	104,140000	szeleszczące
104,139222	104,790000	łańcuchy
104,770000	105,558525	zarzucaliśmy
105,554250	105,894250	sobie
105,857776	106,007401	na
105,980000	106,443452	szyję
106,757665	106,875228	i
106,858128	107,560000	siedzieliśmy
107,552230	108,050855	dumni
108,055130	108,280000	przy
108,281706	108,680000	stole
108,660000	108,995632	niby
108,970000	109,577034	królowie
109,550000	109,923309	dzikich
109,978350	110,653267	plemion
111,069012	111,607663	opłatki
111,610000	112,140000	zjawiały
112,120000	112,320000	się
112,300000	112,380000	w
112,360000	112,800000	pierwszej
112,800390	113,200000	połowie
113,193691	113,754786	grudnia
114,073809	114,590000	przynosił
114,595894	114,760000	je
114,766895	115,526777	organista
115,586093	116,220000	którego
116,198899	116,818899	poznawali
116,818899	117,540000	wszyscy
117,520000	117,910000	ledwo
117,890000	118,080000	się
118,060000	118,460000	tylko
118,440000	118,860000	ukazał
118,840000	118,960000	w
118,940000	119,660000	kasztanowej
119,640000	120,100000	alei
120,080000	120,270000	ze
120,250000	120,620000	swym
120,623657	121,430000	ogromnym
121,427359	121,948910	koszem
122,179760	122,320000	i
122,300000	122,466186	ze
122,449086	122,860000	swym
122,840000	123,240000	kijem
123,239963	124,120000	sękatym
124,529947	124,885841	idą
124,890000	125,800000	opłatki
125,800693	126,470000	dzieci
126,867308	127,113121	niech
127,120000	127,490000	będzie
127,489322	128,060000	pochwalony
128,060035	128,429824	jezus
128,430000	129,263450	chrystus
129,610000	130,007302	mówił
130,006729	130,806729	organista
130,810000	131,344311	wchodząc
131,415918	131,840000	prosto
131,820000	131,970000	do
131,969531	132,547726	jadalnego
132,607576	133,629408	pokoju
133,580000	134,110000	wiało
134,090000	134,280000	od
134,260000	134,555912	niego
134,510000	135,130000	śniegiem
135,110000	135,205713	i
135,201438	135,760000	mrozem
135,962390	136,170000	a
136,163315	136,320000	od
136,317216	136,616466	jego
136,616466	137,080000	słów
137,060000	137,630000	pachniało
137,633918	138,460000	kolędą
138,540000	139,269109	choinką
139,269109	140,179686	wigilią
140,604782	140,790000	na
140,770000	141,293326	stole
141,293326	141,880000	rozkładał
141,860000	142,603349	opłatki
142,966992	143,410000	najpierw
143,398768	143,670000	była
143,668094	144,040000	gruba
144,047768	144,420000	paczka
144,420495	144,623558	dla
144,623995	145,317980	rodziców
145,591046	145,700000	a
145,680000	146,057824	złoty
146,094696	146,401160	pasek
146,448720	146,991913	papieru
146,990000	147,770000	wyciskanego
147,750000	147,820000	w
147,800000	148,420000	gwiazdki
148,385755	149,176443	przewiązywał
149,176486	149,450044	ją
149,450044	149,608753	na
149,664061	150,142595	krzyż
150,450000	150,600000	na
150,589333	151,299333	skrzyżowaniu
151,301122	151,816261	jaśniała
151,816261	152,320000	wielka
152,314300	152,900000	gwiazda
152,880000	153,674020	złocista
153,923841	155,053512	siedmioramienna
155,453225	155,950195	środek
155,948057	156,138295	był
156,100000	156,230000	z
156,210000	156,931309	żelatyny
157,216933	157,438967	pod
157,494008	157,760000	którą
157,740000	158,270000	widniała
158,271525	159,021789	betlejemska
159,020000	159,780000	stajenka
159,760000	160,447504	ustawiona
160,440000	160,534875	z
160,581900	161,090000	papierowych
161,093031	162,220000	figurek
162,200000	162,280000	a
162,260000	162,400000	po
162,380000	162,990000	wszystkich
162,988997	163,510000	rogach
163,508411	163,997098	miała
164,066567	164,280000	ta
164,323067	164,940000	paczka
164,920000	165,330000	złote
165,310000	166,040000	gwiazdki
166,074485	166,300000	i
166,302129	166,979184	aniołki
167,356454	167,930908	podparte
167,930000	168,350000	jedną
168,351996	168,870000	rączką
168,856447	169,010000	na
169,010348	169,702365	obłoku
170,028869	170,380000	potem
170,363388	171,055940	wydobywał
171,117927	171,470615	pięć
171,463232	171,838266	paczek
171,800000	172,040000	dla
172,043467	172,567155	dzieci
173,004809	173,290000	były
173,293907	173,440000	to
173,437120	173,790000	małe
173,787670	174,380000	opłatki
174,360000	174,490000	na
174,470000	175,170000	specjalnej
175,150000	175,595999	formie
175,600274	176,170454	robione
176,506576	177,100000	wierzchni
177,096527	177,670000	opłatek
177,669379	178,230000	ozdobiony
178,233680	178,450000	był
178,469874	178,810000	także
178,790000	179,600000	gwiazdkami
179,580000	179,670000	i
179,678633	180,460000	aniołkami
180,855329	181,240000	ale
181,297258	181,570000	nie
181,550000	181,950000	taki
181,930000	182,080000	już
182,156001	182,742746	paradny
183,169712	183,680041	wreszcie
183,688591	183,949901	była
184,000266	184,350000	paczka
184,330000	184,520000	dla
184,500000	185,153851	służby
185,617689	185,780000	ale
185,816477	186,640000	obowiązkowo
186,620000	187,090000	musiały
187,089361	187,330000	być
187,310000	187,510000	we
187,490000	188,058185	wszystkich
188,113760	188,520000	paczkach
188,500000	189,078309	opłatki
188,966090	189,078309	i
188,980759	190,101640	kolorowe
190,142366	190,952366	żółte
191,274061	191,980000	niebieskie
191,960000	192,130000	i
192,130131	192,858486	czerwone
192,860000	193,430000	na
193,410000	193,950000	światy
193,930000	194,100000	i
194,080000	194,590000	gwiazdy
194,570000	195,436851	choinkowe
195,970000	196,550000	opłatków
196,530000	196,840000	było
196,820000	197,270000	tyle
197,250000	197,620000	żeśmy
197,600000	197,750000	je
197,730000	198,090000	potem
198,070000	198,460000	długo
198,440000	198,820000	jedli
198,800000	199,090000	jak
199,070000	199,680000	łakocie
200,015386	200,866112	przypalając
200,920000	201,200000	nad
201,180000	201,853105	lampą
202,320000	202,640000	dzieci
202,620000	203,250000	przepadały
203,230000	203,390000	za
203,370000	204,090000	przypalanymi
204,070000	204,790036	opłatkami
205,178528	205,390000	ale
205,389606	205,600000	też
205,580000	205,733745	nie
205,700783	206,060783	mniej
206,040271	206,550271	zabierał
206,550000	207,180000	organista
207,160000	207,300000	do
207,280000	207,629711	swego
207,619905	208,105306	kosza
208,398144	209,030000	jajek
209,010000	209,870000	słoniny
209,850000	210,400000	sera
210,401520	211,340419	kiełbasy
211,340000	211,869452	chleba
212,229087	212,760000	uginał
212,740000	212,940000	się
212,904851	213,064851	pod
213,145007	213,800000	ciężarem
213,780000	213,990000	gdy
213,970000	214,490000	odchodził
214,470000	214,569654	z
214,609732	215,340759	powrotem
215,840935	216,310000	niedługo
216,311186	216,670000	potem
216,670287	217,249550	przyjeżdżał
217,289121	217,638576	ksiądz
217,684533	218,153715	proboszcz
218,160000	218,310000	po
218,327922	219,039711	kolędzie
219,389053	219,770470	o
219,805739	219,970000	to
219,950000	220,150000	już
220,130000	220,710000	gwiazdka
220,690000	220,990000	była
220,970000	221,670711	blisko
222,237150	222,550000	ksiądz
222,530000	223,170000	augustyn
223,150000	223,360000	był
223,340000	223,820000	stary
223,800000	223,940000	i
223,995515	224,788796	zgarbiony
225,221374	225,870000	sutanna
225,850000	226,170000	jego
226,154662	226,604662	zdawała
226,604874	226,760000	się
226,740000	226,980000	być
226,960000	227,270000	jeszcze
227,250000	227,878559	starsza
227,953105	228,050000	i
228,050361	228,230000	na
228,255561	228,640000	plecach
228,620000	229,280000	świeciła
229,260000	229,440000	jak
229,420000	230,248250	zwierciadło
230,690179	230,830000	a
230,865989	231,240000	kolor
231,239518	231,620000	miała
231,600000	232,360000	całkowicie
232,361173	233,079909	zrudziały
233,243963	233,400001	tak
233,400000	233,550000	że
233,530000	234,200000	czerwieniła
234,180000	234,350000	się
234,330000	234,550000	pod
234,529972	235,208329	światło
235,687665	236,008558	ksiądz
236,070278	236,590000	proboszcz
236,570000	237,140099	zasiadał
237,140000	237,220000	w
237,200000	237,700000	salonie
237,700125	237,780000	na
237,760000	238,139650	starej
238,187744	238,734945	kanapie
239,077747	239,150000	i
239,130000	239,670000	stukał
239,650000	239,810000	w
239,819194	240,490000	tabakierkę
240,470000	240,610000	z
240,607132	241,090000	czarnej
241,070000	241,531602	laki
241,903795	242,009335	a
242,029641	242,490000	potem
242,470000	243,000000	niuchał
242,980000	243,520000	długim
243,500000	244,070000	czerwonym
244,050000	244,569798	nosem
244,846872	244,927028	o
244,981267	245,890000	przepaścistych
245,870000	246,496224	nozdrzach
246,890000	247,430000	dzieciom
247,410000	247,710000	które
247,690000	248,180000	chrzcił
248,160000	249,120000	wszystkie
249,100000	249,700000	przywoził
249,680000	250,130000	ksiądz
250,150000	250,310000	co
250,290000	250,600000	roku
250,580000	251,100000	stale
251,080000	251,260000	i
251,240000	252,120000	nieodmiennie
252,442494	252,870000	paczkę
252,850000	253,760000	całusków
254,090000	254,500000	siedział
254,480000	255,010000	długo
254,990000	255,100000	i
255,080000	255,240000	do
255,220000	255,700000	późnego
255,680000	256,260000	wieczora
256,240000	256,960000	opowiadał
256,940000	257,090000	o
257,070000	257,670000	diabłach
257,730000	257,860000	i
257,840000	258,670000	czarownicach
259,221056	259,830000	opowiadał
259,810000	260,120000	rzeczy
260,100000	260,350000	tak
260,330000	261,120496	straszne
261,397302	261,660000	że
261,640000	261,980000	dzieci
261,960000	262,320000	potem
262,300000	262,580000	bały
262,560000	262,770000	się
262,750000	263,278574	spać
263,730000	264,270000	niebawem
264,250000	264,840000	przyjeżdżał
264,820000	265,140000	jeszcze
265,120000	265,590000	ksiądz
265,570000	266,500000	eugeniusz
266,480000	267,360000	kwestarz
267,397812	267,570000	od
267,550000	268,300000	reformatów
268,280000	268,420000	z
268,400000	269,020000	miasta
269,330000	269,540000	był
269,541729	269,700000	tam
269,680000	270,036561	stary
270,074769	270,710000	klasztor
270,723769	270,840000	i
270,820000	271,140000	trzech
271,120000	271,770000	ostatnich
271,750000	273,050000	zakonników
273,030000	273,670000	skazanych
273,650000	273,800000	na
273,780000	274,490000	wymarcie
275,058896	275,430000	ksiądz
275,410000	276,110000	eugeniusz
276,090000	276,340000	był
276,320000	276,480000	to
276,497436	277,070000	tęgi
277,088991	277,620000	czerwony
277,666117	278,090000	człek
278,415312	278,820000	mówił
278,800000	279,442383	głośno
279,430000	279,600000	i
279,580000	280,110000	nigdy
280,090000	280,600000	nikogo
280,580000	280,720000	nie
280,700000	281,260000	zasmucił
281,240000	281,750000	swoimi
281,730000	282,520000	gawędami
282,855978	283,120000	gdy
283,100000	283,915111	przyjeżdżał
284,127259	284,630000	wino
284,638122	285,340000	pokazywało
285,320000	285,500000	się
285,480000	285,620000	na
285,600000	286,131704	stole
286,449657	286,553326	a
286,591801	287,370000	opowiadania
287,350000	287,720000	jego
287,700000	288,040000	były
288,020000	288,690000	weselsze
288,670000	288,920000	niż
288,900000	289,580000	opowiadania
289,560000	289,980000	księdza
289,990434	290,648251	proboszcza
291,116899	291,680000	każdemu
291,660000	292,000000	umiał
291,980000	292,250000	coś
292,230000	292,574677	miłego
292,621702	293,276313	powiedzieć
293,600144	293,950000	rady
293,930000	294,374990	jego
294,730350	295,235769	proste
295,210000	295,370000	i
295,383892	295,760000	pełne
295,740000	296,440000	czarującej
296,420000	297,220000	trafności
297,230696	298,110000	wszystkim
298,090000	299,042231	dopomagały
299,480954	300,150000	odjeżdżał
300,130000	300,770000	niepróżną
300,749974	301,335773	bryczką
301,540000	301,650000	a
301,630000	302,150000	wtedy
302,130000	302,810000	gwiazdka
302,790000	303,500000	nadchodziła
303,480000	303,690000	już
303,670000	304,355533	szybkimi
304,398817	305,082819	krokami
305,591545	306,088515	któregoś
306,090000	306,430000	dnia
306,410000	306,850000	rodzice
306,830000	307,210000	jechali
307,190000	307,330000	do
307,310000	307,718362	miasta
307,751493	307,860000	po
307,878141	308,490001	zakupy
308,789252	309,010000	gdy
308,990000	309,670000	wyjeżdżali
309,650000	310,080000	oboje
310,060000	310,280000	dom
310,260000	310,660000	stawał
310,640000	310,850000	się
310,830000	311,240000	zaraz
311,220000	311,790000	duży
311,990000	312,160000	nie
312,140000	312,470000	można
312,450000	312,700000	było
312,680000	313,140000	dojrzeć
313,120000	313,520000	końca
313,500000	314,280000	pokojów
314,260000	315,010000	kuchnia
314,990000	315,110000	i
315,090000	315,640000	stancja
315,620000	316,170000	służby
316,150000	316,660000	wydawały
316,640000	316,870000	się
316,850000	316,930000	o
316,910000	317,290000	sto
317,270000	317,510000	mil
317,490000	318,270000	odległe
318,570000	319,190000	wracali
319,170000	319,270000	o
319,250000	319,870000	zmroku
319,850000	319,950000	i
319,930000	320,030000	z
320,010000	320,400000	głębi
320,380000	320,930000	ciemnej
320,910000	321,410000	nocy
321,600000	321,970000	jeszcze
321,950000	322,260000	zanim
322,240000	322,420000	się
322,400000	322,480000	z
322,460000	322,940000	karety
322,920000	323,580000	wydobyli
323,820000	324,210000	szły
324,190000	324,380000	do
324,360000	324,960000	jadalnego
324,940000	325,430000	pokoju
325,410000	325,590000	bez
325,570000	326,210000	końca
326,310000	327,000000	paczki
327,070000	327,620000	paczki
327,600000	327,790000	i
327,770000	328,430000	paczki
328,880000	329,380000	wszystko
329,360000	329,520000	to
329,500000	330,010000	znikało
329,990000	330,100000	w
330,080000	330,690000	wielkim
330,670000	331,500000	kredensie
331,480000	331,600000	i
331,580000	331,640000	w
331,620000	332,050000	szafie
332,030000	332,850000	jesionowej
333,240000	333,340000	a
333,320000	333,820000	wreszcie
333,800000	334,420000	ukazywała
334,400000	334,620000	się
334,600000	335,000000	matka
334,980000	335,160000	i
335,140000	335,560000	wołała
335,540000	335,850000	przez
335,830000	336,280000	wszystkie
336,260000	337,270000	pokoje
337,250000	338,250000	zimno
338,230000	339,220000	zimno
339,200000	340,260000	wnętrze
340,240000	340,560000	domu
340,540000	341,050000	stawało
341,049539	341,250000	się
341,250465	341,700000	znowu
341,680000	342,330000	malutkie
342,310000	342,500000	i
342,556962	343,195594	ciepłe
343,856083	344,020671	na
344,014258	344,215184	dwa
344,215184	344,469547	dni
344,460000	344,760000	przed
344,740000	345,365161	wilią
345,410049	346,010000	posyłano
345,990000	346,130000	do
346,110000	346,429638	boru
346,461701	346,560000	po
346,540000	347,226928	choinkę
347,661375	348,070000	czasem
348,050000	348,240000	był
348,220000	348,460000	już
348,431984	348,919297	zmrok
349,185950	349,280000	a
349,260000	349,780000	choinka
349,760000	349,894533	nie
349,926061	350,530000	przybywała
350,510000	351,073367	jeszcze
351,430000	351,776606	dzieci
351,777140	352,320000	smuciły
352,300000	352,527404	się
352,480000	352,820000	wtedy
352,800000	352,920000	i
352,900000	353,515733	przeczuwały
353,510000	354,150000	tysiące
354,130000	354,997291	nieszczęść
355,467008	356,010000	przychodził
355,990000	356,587060	ojciec
356,540000	357,130000	zasiadał
357,110000	357,220000	z
357,200000	357,630000	dziećmi
357,610000	357,690000	o
357,670000	358,060000	szarej
358,040000	358,818615	godzinie
358,937933	359,043587	i
359,063893	359,710000	pocieszał
359,690000	359,984089	je
360,614119	360,960000	już
360,940000	361,470000	wyszedł
361,450000	361,780000	stary
361,760000	362,220000	józef
362,200000	362,350000	z
362,330000	363,350000	nieba
363,330000	363,438296	a
363,485856	363,600000	tu
363,580000	363,998857	śnieg
364,052295	364,189629	po
364,180000	364,882181	kolana
365,348157	366,000000	idzie
365,980000	366,440000	idzie
366,420000	367,195495	starowina
367,254811	368,212947	powoli
368,650000	369,043368	dzieciom
369,020000	369,530000	serca
369,510000	369,780000	biły
369,760000	370,040000	jak
370,020000	370,544965	dzwony
370,901394	371,140000	ale
371,160000	371,430000	wnet
371,410000	372,160000	dudniło
372,140000	372,360000	coś
372,340000	372,620000	za
372,629032	373,076839	oknem
373,479758	373,729846	to
373,687096	374,230000	choinka
374,210000	374,700000	jechała
374,680000	374,800000	z
374,780000	375,470000	lasu
375,450000	375,650000	i
375,630000	375,680000	w
375,660000	376,310000	aksamicie
376,290000	376,590000	nocy
376,570000	377,060000	słychać
377,040000	377,310000	było
377,290000	377,540000	przed
377,520000	378,010000	domem
377,990000	378,570000	donośne
378,550000	379,140000	głosy
379,400000	379,630000	gdy
379,610000	379,850000	ją
379,830000	380,470000	ściągano
380,450000	380,560000	z
380,554899	381,122406	wozu
381,637545	382,400000	nazajutrz
382,380000	382,780000	rano
382,760000	383,260000	wnoszono
383,240000	383,760000	choinkę
383,740000	383,860000	do
383,840000	384,440000	jadalnego
384,456913	385,032971	pokoju
385,355734	385,930000	przynosiła
385,910000	386,040000	ze
386,020000	386,400000	sobą
386,380000	386,820000	zapach
386,800000	387,320000	lasu
387,300000	387,540000	i
387,520000	387,988071	zimy
388,300000	388,920000	stała
388,900000	389,720000	mroźna
389,806018	390,310000	ciemna
390,290000	390,420000	i
390,400000	391,310000	zamyślona
391,600000	392,467211	wysoka
392,950000	393,150000	od
393,224957	393,930000	podłogi
393,960000	394,120000	do
394,098127	394,838773	sufitu
395,360000	395,740000	dzieci
395,720000	396,170000	chodzą
396,150000	396,510000	koło
396,490000	396,745427	niej
396,788177	396,960000	i
396,940000	397,176134	raz
397,235984	397,360000	po
397,340000	397,610000	raz
397,590000	398,186105	dotykają
398,250230	398,727962	ostrych
398,711931	399,665258	zmarzniętych
399,699458	400,229458	igieł
400,895392	401,390000	wieczorem
401,370000	401,540000	po
401,520000	402,070000	kolacji
402,050000	402,460000	matka
402,440000	402,910000	otwiera
402,914265	403,587579	kredens
403,629260	404,818781	wstrzymujemy
404,850844	405,496370	oddech
405,970000	406,370000	macie
406,391985	406,560000	tu
406,540000	407,250000	figi
407,230000	408,302914	pierniki
408,670000	409,260000	cukierków
409,240000	409,530000	chyba
409,510000	410,150000	starczy
410,372018	410,550000	a
410,530000	411,040000	orzechy
411,020000	411,220000	się
411,200000	411,530000	zaraz
411,510000	412,210000	przyniesie
412,582198	412,720000	a
412,804499	413,010000	tu
412,990000	413,870000	marcepanowe
413,887145	414,532671	owoce
415,060000	415,780000	dzieci
415,760000	416,010000	nie
415,990000	416,826213	zjadać
417,140426	417,540000	matka
417,520000	418,100000	wysypuje
418,080000	418,250000	na
418,281854	418,700000	tacę
418,736074	419,180000	część
419,160000	419,850000	kredensowych
419,830000	420,556159	skarbów
420,949460	421,750000	marcepanowych
421,730000	422,210000	owoców
422,190000	422,560000	jest
422,540000	422,910000	tylko
422,890000	423,407590	funt
423,590000	423,710000	i
423,690000	423,870000	nie
423,850000	424,200000	wolno
424,180000	424,650000	nikomu
424,630000	425,100000	zjeść
425,190000	425,430000	ani
425,410000	425,550000	po
425,530000	425,910000	jednej
425,890000	426,430000	sztuce
426,760000	427,010000	aż
426,990000	427,310000	póki
427,290000	427,990000	przynajmniej
427,970000	428,280000	dwa
428,260000	428,550000	dni
428,530000	428,660000	na
428,655164	429,180000	choince
429,160000	429,310000	nie
429,290000	430,090000	powiszą
430,519068	431,250000	przynieście
431,230000	431,370000	mi
431,350000	432,290000	koszyczek
432,530000	432,920000	woła
432,900000	433,511574	matka
433,780000	433,980000	i
433,960000	434,350000	dzieci
434,330000	434,720000	lecą
434,700000	434,830000	po
434,810000	435,529378	koszyczek
435,670000	436,340000	zabierają
436,320000	436,490000	go
436,470000	436,810000	razem
436,790000	436,960000	z
436,940000	437,660000	włóczkową
437,640000	438,530000	podstawką
438,510000	438,750000	pod
438,730000	439,160000	lampę
439,140000	439,310000	i
439,290000	439,440000	z
439,420000	439,830000	matki
439,810000	440,450000	szydełkową
440,430000	441,130000	robotą
441,458816	441,830000	matka
441,810000	442,430000	rozdzieliła
442,410000	442,730000	między
442,710000	443,020000	dzieci
443,000000	443,540000	kolorową
443,520000	444,150000	włóczkę
444,450000	444,950000	zaczyna
444,930000	445,140000	się
445,120000	445,680000	robota
446,030000	446,210000	do
446,190000	446,620000	każdej
446,600000	447,010000	sztuki
446,990000	447,680000	przywiązać
447,660000	448,010000	trzeba
447,990000	448,490000	kawałek
448,470000	449,060000	włóczki
449,390000	449,568508	i
449,490000	450,010000	zrobić
450,064409	450,730000	pętelkę
451,020000	451,340000	żeby
451,320000	451,660000	można
451,640000	451,910000	było
451,890000	451,990000	na
451,970000	452,490000	choince
452,470000	453,290000	powiesić
453,620000	453,680000	a
453,660000	454,180000	teraz
454,160000	454,560000	ojciec
454,540000	454,820000	idzie
454,800000	454,950000	na
454,930000	455,270000	górę
455,250000	455,420000	po
455,400000	455,940000	jabłka
455,920000	456,090000	i
456,070000	456,730000	orzechy
457,060000	457,640000	słychać
457,620000	458,020000	go
458,070000	458,790000	długo
458,770000	459,040000	jak
459,020000	459,430000	chodzi
459,410000	459,730000	tam
459,710000	459,900000	i
459,880000	460,540000	myszkuje
460,940000	461,060000	a
461,040000	461,260000	nam
461,240000	461,720000	serca
461,700000	461,930000	się
461,910000	462,420000	tłuką
462,400000	462,590000	gdy
462,570000	463,130000	myślimy
463,110000	463,240000	o
463,220000	463,870000	ciemnych
463,850000	463,920000	i
463,900000	464,390000	zimnych
464,370000	464,960000	czeluściach
464,940000	465,750000	poddasza
466,082569	466,202569	o
466,160000	466,440000	jego
466,420000	467,460000	nieprzebrodzonych
467,440000	468,360000	wertepach
468,730000	469,040000	potem
469,020000	469,510000	ojciec
469,490000	469,850000	sam
469,830000	470,370000	lakiem
470,350000	470,750000	klei
470,730000	471,270000	złocone
471,250000	472,010000	orzechy
472,217506	472,360000	po
472,340000	472,860000	dwa
472,922883	473,080000	po
473,060000	473,500000	trzy
473,480000	473,630000	po
473,610000	474,190000	cztery
474,570000	474,730000	i
474,710000	475,160000	wiąże
475,140000	475,880000	jabłka
476,260000	476,610000	późno
476,590000	477,080000	wieczorem
477,060000	477,480000	matka
477,460000	478,010000	odnosiła
477,990000	478,370000	tace
478,350000	478,490000	ze
478,470000	479,140000	słodyczami
479,120000	479,240000	do
479,220000	479,810000	salonu
480,150000	480,260000	i
480,240000	480,930000	przykrywała
480,910000	481,070000	je
481,050000	481,910000	serwetą
482,310000	482,660000	dzieci
482,640000	483,260000	drżały
483,240000	484,000000	wewnętrznie
483,980000	484,110000	od
484,090000	484,810000	przeczuć
485,250000	485,700000	cieszyły
485,680000	485,860000	się
485,840000	486,570000	straszliwie
486,550000	486,620000	i
486,600000	486,990000	bały
486,970000	487,330000	się
487,310000	487,450000	że
487,430000	487,610000	się
487,590000	487,770000	coś
487,750000	488,470000	stanie
488,750000	488,840000	a
488,820000	489,170000	nuż
489,150000	489,790000	jutrzejszy
489,770000	490,040000	dzień
490,020000	490,510000	okaże
490,490000	490,730000	się
490,710000	490,880000	nie
490,860000	491,770000	gwiazdką
492,120000	492,550000	był
492,530000	493,110000	jednak
493,090000	493,994403	gwiazdką
494,530000	494,920000	jeszcze
494,900000	495,080000	za
495,060000	495,400000	oknem
495,380000	495,760000	stała
495,740000	496,050000	noc
496,030000	496,630000	ciemna
496,870000	497,630000	śnieżna
497,610000	497,850000	gdy
497,830000	498,250000	dzieci
498,230000	498,450000	już
498,430000	498,540000	się
498,520000	499,010000	zrywały
498,990000	499,220000	ze
499,200000	499,730000	snu
500,100000	500,680000	otwierały
500,660000	501,360000	okiennice
501,340000	501,540000	i
501,520000	501,840000	noc
501,820000	502,390000	patrzyła
502,370000	502,420000	w
502,490000	502,840000	ciche
502,820000	503,320000	nagrzane
503,300000	503,860000	wnętrze
503,840000	504,380000	domu
504,510925	504,720401	po
504,640000	504,990000	którym
504,970000	505,420000	snuły
505,400000	505,620000	się
505,600000	505,700000	i
505,680000	506,220000	pełzały
506,200000	506,740000	rubinowe
506,720000	507,380000	blaski
507,360000	507,560000	od
507,540000	508,160000	zapalonych
508,140000	508,290000	w
508,270000	508,760000	piecu
509,120000	509,250000	i
509,230000	509,370000	na
509,350000	509,980000	kominku
509,960000	510,520000	ogni
510,782364	511,180000	przez
511,160000	511,470000	okno
511,450000	511,600000	z
511,580000	512,020000	salonu
512,000000	512,330000	widać
512,310000	512,570000	było
512,550000	513,120000	gwiazdę
513,100000	513,840000	zaranną
514,090000	514,310000	jak
514,290000	515,070000	brylantową
515,050000	515,590000	lilię
515,570000	515,810000	z
515,790000	516,330000	czarnych
516,310000	516,770000	niebios
516,750000	517,770000	kwitnącą
518,260000	518,910000	lampa
518,890000	519,490000	wisząca
519,470000	519,520000	w
519,500000	520,010000	jadalnym
519,990000	520,560000	pokoju
520,570000	521,530000	kołysała
521,510000	521,700000	się
521,680000	521,770000	z
521,750000	522,370000	lekka
522,660000	522,730000	a
522,710000	522,930000	gdy
522,910000	523,110000	kto
523,090000	523,880000	przechodził
523,930000	524,500000	dźwięczały
524,480000	525,080000	cieniutko
525,060000	525,570000	wszystkie
525,550000	526,230000	czarki
526,520000	527,260000	kieliszki
527,240000	527,360000	i
527,340000	528,160000	szklanki
528,280000	528,980000	wystawione
528,960000	529,730000	odświętnie
529,710000	529,860000	na
529,840000	530,790000	kredens
530,770000	531,100000	jakby
531,080000	531,340000	i
531,320000	531,660000	one
531,640000	532,230000	dygotały
532,210000	532,380000	ze
532,360000	533,030000	wzruszenia
533,010000	533,320000	razem
533,300000	533,450000	z
533,430000	534,030000	dziećmi
534,350000	534,560000	za
534,540000	534,930000	oknem
534,910000	535,260000	noc
535,240000	536,050000	bledniała
536,280000	536,710000	topiła
536,690000	536,920000	się
536,900000	536,980000	w
536,960000	537,740000	pomarańczowych
537,720000	537,840000	i
537,820000	538,510000	fiołkowych
538,490000	539,050000	mgłach
539,340000	539,540000	i
539,520000	540,000000	ogród
540,010000	540,510000	wyłaniał
540,490000	540,730000	się
540,710000	540,860000	z
540,840000	541,310000	cieniów
541,890000	542,460000	stojący
542,440000	543,000000	sztywno
542,980000	543,050000	w
543,030000	543,320000	swych
543,300000	544,400000	jasnobłękitnych
544,380000	545,080000	śniegach
545,400000	546,150000	nieśmiały
546,130000	546,300000	i
546,280000	547,207579	uroczysty
547,541029	547,760124	gdy
547,755849	548,420000	rozwidniło
548,400000	548,612988	się
548,580000	549,130000	zupełnie
549,110000	549,325846	a
549,291646	549,791822	wszystkie
549,790000	550,130000	lampy
550,110000	550,900000	pogasły
551,050812	551,662138	przyjeżdżały
551,630000	552,152695	siostry
552,125977	552,700000	cioteczne
552,680000	552,810000	ze
552,790000	553,120000	swym
553,101862	553,712005	ojcem
553,918274	554,490000	wyciągały
554,470000	554,600000	z
554,608688	555,083214	pudełek
555,083214	555,801416	złotolice
555,802485	556,302661	cacka
556,301592	556,451217	na
556,360373	557,055062	choinkę
557,487907	557,618295	to
557,620432	557,841664	było
557,841664	558,460471	hasło
558,710000	559,255623	choinkę
559,255623	559,710000	wnoszono
559,690000	559,820000	do
559,800000	560,390000	salonu
560,616145	560,705920	a
560,703782	561,060000	jeszcze
561,040000	561,350000	zanim
561,358928	561,549166	ją
561,548097	562,169042	postawiono
562,170000	562,530000	trzeba
562,503499	562,813499	było
562,853043	563,500000	umieścić
563,499638	563,630000	na
563,629492	564,100000	szczycie
564,080000	564,880000	srebrzystą
564,860000	565,497136	gwiazdę
565,966319	566,098844	i
566,143732	566,600000	anioła
566,580000	567,400000	dmącego
567,483947	567,576928	w
567,575860	568,056798	puzon
568,363530	568,730000	potem
568,710000	569,330000	zawieszało
569,310000	569,500000	się
569,480000	570,150000	jabłka
570,485003	570,646385	pod
570,645316	571,080000	którymi
571,060000	571,190000	z
571,170000	571,540000	wolna
571,520000	571,620000	i
571,618949	572,150000	leniwie
572,130000	572,490000	gięły
572,470000	572,690000	się
572,670000	573,190000	gałęzie
573,170000	573,913561	choinki
574,194108	574,280000	a
574,260000	574,450000	gdy
574,430000	574,960000	choinka
574,940000	575,180000	była
575,160000	575,420000	już
575,400000	575,960000	ubrana
575,940000	576,080000	i
576,060000	576,620000	omotana
576,600000	576,650000	w
576,630000	577,050000	złote
577,030000	577,180000	i
577,160000	577,750000	srebrne
577,730000	578,180000	nici
578,598971	578,711190	od
578,711724	579,250000	ciepła
579,249306	579,324653	w
579,357250	579,780000	pokoju
579,760000	580,390000	zaczynały
580,370000	580,990000	wirować
580,970000	581,620000	wielobarwne
581,600000	582,418691	świecidła
582,704048	583,154527	pachnieć
583,200484	583,950000	pierniki
583,944869	584,068845	i
584,075257	584,796939	figi
584,990109	585,440000	ach
585,420000	586,146499	figi
586,565450	586,730000	czy
586,728969	586,840119	wy
586,840000	587,510000	pamiętacie
587,490000	587,860000	jeszcze
587,840000	588,010403	jak
588,045672	588,470000	pachną
588,450000	588,969074	figi
588,970000	589,020000	i
589,019305	589,600000	daktyle
589,580000	590,040000	wespół
590,020000	590,150000	z
590,130000	590,620000	igłami
590,600000	591,335291	choinki
591,747830	592,220000	tymczasem
592,200000	592,530000	znad
592,510000	592,951245	stawu
592,950000	593,430000	słychać
593,410000	593,580000	już
593,560000	593,870000	było
593,850000	594,160000	głos
594,140000	594,680000	ojca
595,020349	595,120000	i
595,122950	595,540000	matka
595,540832	596,040000	brnęła
596,035664	596,160000	po
596,159639	596,650000	śniegu
596,650197	597,250000	okutana
597,230000	597,340000	od
597,341679	597,700000	stóp
597,680000	597,851474	do
597,850000	598,282181	głów
598,510000	598,846482	między
598,851826	599,470000	klombami
599,450000	599,730000	róż
599,780000	600,420000	owiniętych
600,400000	600,490000	w
600,492361	601,090000	słomę
601,510000	601,950000	dzieci
601,930000	602,490000	nadziewały
602,470000	602,590000	na
602,570000	602,900000	siebie
602,880000	603,530000	pośpiesznie
603,510000	604,050000	włóczkowe
604,050237	604,650000	kamasze
604,992877	605,110000	i
605,124187	605,642678	watowane
605,636266	606,220873	szubki
606,310000	606,450000	i
606,474168	606,830000	biegły
606,810000	607,390000	także
607,770000	607,900000	na
607,880000	608,270000	stawie
608,250000	608,530000	ludzie
608,510000	609,010000	wlekli
608,990000	609,240000	pod
609,220000	609,540000	lodem
609,520000	610,030000	sieć
610,323813	610,943690	krzycząc
610,970000	611,220000	i
611,216221	611,870000	nurzając
611,871367	612,260000	ręce
612,240000	612,370000	w
612,350000	613,104707	przeręblach
613,285326	613,800000	wszystkim
613,800464	614,360000	przywodził
614,359422	615,150298	stelmach
615,440000	615,620000	w
615,600000	616,030000	ogóle
616,010000	616,180000	nie
616,160000	616,410000	było
616,390000	617,050000	ważniejszej
617,050540	617,630000	czynności
617,628735	617,740000	we
617,720000	618,240000	dworze
618,474118	618,660000	do
618,663287	619,020000	której
619,012769	619,170000	by
619,150000	619,320000	nie
619,300000	619,840000	używano
619,844258	620,592385	stelmacha
620,900186	621,116074	on
621,112867	621,600000	zabijał
621,580000	622,185895	wieprze
622,286357	622,750000	robił
622,730000	623,320000	kiełbasy
623,300000	623,520000	i
623,519698	624,110000	kiszki
624,450581	625,010000	pilnował
624,990000	625,520000	ważnych
625,500000	626,007753	robót
626,286697	626,790000	jeździł
626,792217	626,944656	za
626,930000	627,840000	interesami
628,110000	628,605890	kierował
628,661465	629,140000	połowem
629,120000	629,335847	ryb
629,771898	630,278487	malował
630,290000	630,984932	podłogi
630,970000	631,030000	i
631,010000	631,580000	tapetował
631,560000	632,040000	ściany
632,020000	632,150000	we
632,130000	632,596611	dworze
632,750000	633,000000	kiedy
632,980000	633,360000	zaszła
633,392831	634,005226	potrzeba
634,264933	634,470000	gdy
634,469065	634,960000	wszystko
634,956507	635,174441	nad
635,176579	635,560000	stawem
635,540000	636,200443	ucichło
636,530000	636,700000	a
636,680000	637,090000	ryby
637,070000	637,770000	klaszczące
637,750000	637,910000	po
637,890000	638,250000	wodzie
638,230000	638,760000	cebra
638,960000	639,590000	zaniesiono
639,570000	639,718776	do
639,774351	640,220000	kuchni
640,420000	640,870000	ojciec
640,850000	641,250000	szedł
641,249763	641,420000	ze
641,400000	641,929490	strzelbą
641,930000	642,090000	na
642,090337	642,800523	polowanie
643,065039	643,410000	żeby
643,410781	643,770000	mieć
643,753206	644,330442	szczęście
644,330000	644,710918	cały
644,711986	645,080706	rok
645,290000	645,610807	dzieci
645,610000	645,994489	biegły
645,995558	646,295877	jeszcze
646,295877	646,440000	na
646,446571	646,984154	łąkę
647,227829	647,407380	w
647,405242	648,180000	podwórze
648,230000	648,518882	do
648,520000	649,000000	ogrodu
648,999821	649,580000	zobaczyć
649,560000	649,810000	jak
649,790000	650,030098	jest
650,030000	650,600000	wszędzie
650,690000	650,942812	kiedy
650,940675	651,410000	przychodzi
651,410926	652,524566	gwiazdka
652,526703	652,990000	zbiegały
652,984129	653,150000	się
653,148717	653,567668	wszystkie
653,570000	654,010000	psy
653,990000	654,180000	i
654,160000	654,683445	tańczyły
654,687720	654,960000	przed
654,963458	655,570000	dziećmi
655,840000	656,220000	kury
656,218174	656,650000	chodziły
656,654224	657,340000	ostrożnie
657,342501	657,442964	w
657,442904	657,930315	śniegu
658,077802	658,690000	wysoko
658,704091	659,370000	podnosząc
659,370993	659,860000	nogi
660,273020	660,910000	indyki
660,914271	661,660000	jęcząc
661,860000	662,440000	pochylone
662,440449	662,780000	nieco
662,782450	662,876500	w
662,876500	663,140000	bok
663,141551	664,010000	wyciągnąwszy
664,009378	664,480000	głowy
664,750000	665,380000	uciekały
665,383793	666,020000	wielkimi
666,025044	666,740000	niezgrabnymi
666,743246	667,410000	susami
667,711536	668,430000	wróciwszy
668,431875	668,580000	do
668,579362	669,060000	domu
669,060301	669,432227	dzieci
669,434364	669,910000	stawały
669,911028	670,150000	przed
670,148291	670,710000	choinką
670,710454	671,370000	zadziwione
671,350000	671,500000	i
671,480000	672,200000	nieśmiałe
672,500000	672,730000	tak
672,730396	673,000000	była
673,001859	673,260000	cała
673,260497	674,040000	iskrząca
674,040686	674,248024	i
674,310000	674,910000	uroczyście
674,914926	675,551902	piękna
675,893903	676,040000	na
676,043528	676,300000	drugie
676,297891	676,850000	śniadanie
676,830000	677,230000	dawano
677,231981	678,090000	śledzie
678,125458	678,298596	a
678,296458	678,590000	potem
678,589296	679,170000	zaczynało
679,170697	679,330000	się
679,310000	680,050000	popołudnie
680,055624	680,820000	długie
680,822988	681,060000	bez
681,061292	681,611728	końca
682,056329	682,390000	dzieci
682,391917	682,830000	chodziły
682,810000	682,930000	z
682,928430	683,270000	kąta
683,250000	683,400000	w
683,400819	683,847557	kąt
684,070000	684,510000	siadały
684,508046	684,750000	przy
684,730000	685,130000	oknach
685,132198	686,050000	niespokojne
686,400000	686,980000	ciche
686,960000	687,070000	i
687,050000	687,870000	rozmarzone
688,210000	688,690000	zmrok
688,691143	689,330000	nadchodził
689,310000	689,601720	tak
689,620957	690,262209	powoli
690,640000	691,070000	zdawał
691,072323	691,307448	się
691,305311	691,460000	już
691,461349	691,690000	być
691,694337	692,390000	blisko
692,630000	692,770000	i
692,771639	693,190000	cofał
693,192727	693,370000	się
693,372278	693,920000	znowu
694,220000	694,630000	dzieciom
694,626993	695,120000	ćmiło
695,118619	695,350000	się
695,347332	695,426420	w
695,424282	695,660000	oczach
695,663683	696,595635	wytężonych
696,900000	697,560000	zamykały
697,561787	697,770000	je
697,773400	697,960000	i
697,961500	698,370000	liczyły
698,369763	698,510000	do
698,510839	698,930000	stu
699,110000	699,310000	do
699,290000	699,945104	dwustu
700,110000	700,240000	i
700,242217	700,670000	myślały
700,673993	700,810000	że
700,810794	701,018131	gdy
701,015994	701,150000	je
701,152794	701,810000	otworzą
701,840000	702,230000	będzie
702,225822	702,425822	już
702,426747	703,065861	ciemniej
703,450000	703,930000	było
703,931550	704,780000	jaśniej
705,139240	705,610000	matka
705,609491	706,020000	wciąż
706,022030	706,530000	wychodziła
706,530756	706,670000	do
706,673969	707,227582	kuchni
707,480000	708,029146	ojciec
708,029146	708,390000	siedział
708,388247	709,150000	nieruchomo
709,130000	709,200000	i
709,198361	709,800000	milcząco
709,810756	709,894119	w
709,894119	710,860000	salonie
710,859202	711,270000	zdawał
711,270672	711,480000	się
711,481216	711,630000	nie
711,630842	712,020000	widzieć
712,019867	712,420000	domu
712,400000	712,510000	i
712,490000	713,060832	dzieci
713,424208	713,730000	myśli
713,729871	714,000000	jego
714,001334	714,760000	odlatywały
714,760148	715,230000	daleko
715,210000	715,360000	do
715,356512	715,830000	dawnych
715,831038	716,245714	lat
716,538552	716,820000	kiedy
716,820703	717,090000	dwie
717,090028	717,690000	gwiazdki
717,670000	717,788992	z
717,786855	718,200000	rzędu
718,199393	718,670000	spędzał
718,650000	718,770000	w
718,750000	719,680000	powstaniu
719,660000	719,840000	i
719,820000	719,980000	do
719,960000	720,300000	lat
720,300560	720,760000	jeszcze
720,757986	721,589475	dawniejszych
721,811375	722,549215	szkolnych
722,820000	723,310000	nareszcie
723,310166	723,690000	ojciec
723,688505	724,190000	mówił
724,519994	725,120000	widzę
725,100000	725,350000	już
725,349346	726,220000	gwiazdę
726,550000	726,600000	a
726,580000	726,990000	jeśli
726,988812	727,220000	było
727,217525	727,940000	pochmurno
727,942139	728,490000	mówił
728,770000	729,330000	muszą
729,333654	729,600000	już
729,600842	729,810000	być
729,810318	730,400000	gwiazdy
730,402407	730,570000	na
730,571269	731,020000	niebie
731,720000	731,887972	i
731,890110	732,630000	wstawał
732,860000	733,660000	wtenczas
733,683476	734,120000	cicho
734,100000	734,190000	i
734,187927	734,940000	niespodziewanie
734,938191	735,440000	zamykały
735,420000	735,610000	się
735,609368	735,910000	drzwi
735,910756	736,040000	do
736,041144	736,690000	salonu
737,020000	737,360000	teraz
737,359984	737,920000	nadchodził
737,920010	738,490724	święty
738,490724	739,025100	józef
739,230000	739,530000	jego
739,531689	739,870000	dzieci
739,871552	740,000000	nie
740,001940	740,368427	mogły
740,371728	740,910000	widzieć
741,310000	741,800000	siedziały
741,780000	741,880000	w
741,860000	742,370295	pokoju
742,640000	743,120000	coraz
743,100000	743,210000	to
743,190000	744,130000	ciemniejszym
744,270000	745,180000	zestrachane
745,160000	745,310000	i
745,290000	745,740000	pełne
745,743277	746,110000	lubych
746,110928	746,910000	oczekiwań
747,180000	747,590000	drzwi
747,570000	748,150000	otwierały
748,130000	748,380000	się
748,360000	749,047859	wreszcie
749,270000	749,850000	salon
749,849423	750,512049	jaśniał
750,578312	751,230000	pachniał
751,563702	751,670577	i
751,694089	752,300000	krążył
752,301141	752,580000	przed
752,560000	753,104842	naszymi
753,192480	753,670000	oczyma
753,960000	754,480000	szelest
754,485670	755,180000	anielskich
755,180359	755,720000	skrzydeł
755,719011	756,070000	snuł
756,073836	756,260000	się
756,259799	756,400000	po
756,400875	756,770000	całym
756,772800	757,196026	domu
757,540000	757,590000	a
757,570000	758,220000	choinka
758,219891	758,890000	gorzała
759,433993	759,677669	tak
759,679807	759,840000	jak
759,840119	760,350000	goreje
760,350983	760,650000	niebo
760,648096	761,590000	gwiaździste
761,860000	762,230000	oczy
762,231987	762,840000	mrużyły
762,841176	763,150000	się
763,550000	763,630000	a
763,632052	764,210000	serce
764,209179	764,970000	topniało
765,340000	765,680000	dzieci
765,681919	766,210000	wchodziły
766,212020	767,100000	nieśmiało
767,110000	767,910000	zupełnie
767,911337	768,740000	oszołomione
769,300000	769,820000	rodzice
769,822266	770,040000	tak
770,020000	770,390000	samo
770,386567	771,220000	onieśmieleni
771,218056	771,830000	przyciągali
771,833657	772,020000	je
772,023895	772,190000	za
772,190621	772,650000	ręce
772,630000	772,820000	i
772,821185	773,669774	całowali
773,950000	774,630000	okiennice
774,629513	774,900000	były
774,898839	775,530000	otwarte
775,510000	775,690000	i
775,670000	775,800000	we
775,798728	776,430000	wszystkich
776,429292	776,790000	oknach
776,788393	777,400000	jaśniały
777,406132	778,194871	czarodziejskie
778,199146	778,950000	choinki
779,360000	779,720000	dużo
779,725324	780,080000	chwil
780,080150	780,480000	cudnych
780,484138	781,180000	upłynęło
781,180965	781,510000	zanim
781,512278	781,820000	dzieci
781,820079	782,210000	wreszcie
782,211242	782,960000	spostrzegły
782,963644	783,620000	podarunki
783,621995	783,800000	pod
783,801545	784,440000	choinką
784,660000	784,870000	dla
784,850000	785,480000	wszystkich
785,481624	786,225476	ułożone
786,588851	786,960000	ojciec
786,962915	787,510000	ujmował
787,510116	787,810000	wtedy
787,813641	788,530000	skrzypce
788,770000	789,510000	przygrywał
789,510820	789,710000	na
789,713883	789,970000	nich
789,950000	790,070000	i
790,050000	790,830000	śpiewał
791,270000	791,400000	a
791,380000	791,890000	wczora
791,870000	791,980000	z
791,960000	792,670000	wieczora
793,016715	793,163815	a
793,165953	793,630000	wczora
793,610000	793,720000	z
793,719567	794,430000	wieczora
794,410000	794,570000	z
794,550000	795,320000	niebieskiego
795,320557	796,010000	dwora
796,340000	796,420000	a
796,400000	796,600000	gdy
796,598785	797,380000	zaintonował
797,381112	797,970000	pieśń
798,160000	798,400000	bóg
798,402839	798,680715	się
798,680000	798,890000	rodzi
798,888053	799,170000	moc
799,170203	799,840000	truchieje
800,020000	800,430000	dzieci
800,431331	800,920000	wszystkie
800,922957	801,400000	razem
801,401758	802,000000	wybuchały
801,998122	802,330000	nagle
802,333710	803,120000	śpiewem
803,120312	803,390000	jak
803,391775	804,440000	płaczem
804,443427	804,590000	w
804,590915	805,100000	drzwiach
805,101778	805,270000	od
805,280000	805,820000	jadalnego
805,824255	806,240000	pokoju
806,238931	806,600000	stała
806,602307	806,790000	już
806,788269	807,100000	cała
807,100345	807,700000	służba
808,008785	808,160547	a
808,160547	808,500000	także
808,500411	809,040000	każdy
809,041199	809,310000	kto
809,290000	809,390000	o
809,389612	809,610000	tej
809,611913	809,930000	porze
809,930401	810,090000	do
810,094989	810,450000	kuchni
810,456227	811,190000	przyszedł
811,420000	811,850000	wobec
811,852018	812,150000	tego
812,153406	812,520000	ojciec
812,521057	812,970000	kładł
812,974208	813,730000	skrzypce
814,010000	814,420000	brał
814,419161	814,890000	talerz
814,870000	815,040000	na
815,020000	815,390000	którym
815,391725	815,798900	leżały
815,797851	816,650000	opłatki
816,630000	816,830000	i
816,810000	817,270000	wszyscy
817,268454	817,600000	szli
817,608317	817,760000	do
817,762218	818,354307	kuchni
818,690000	818,890000	na
818,890820	819,430000	wielkim
819,431609	819,980000	stole
820,136985	820,450000	były
820,449061	821,310000	porozstawiane
821,308338	821,830000	miski
822,110000	822,230000	a
822,231740	822,370000	na
822,350000	822,630000	nich
822,610000	823,280000	piętrzyły
823,260000	823,490000	się
823,470000	824,470000	jabłka
824,450000	825,168671	orzechy
825,200734	825,330000	i
825,328984	826,210000	pierniki
826,490000	826,950000	musiała
826,930000	827,140000	być
827,139450	827,580000	porcja
827,581914	827,760000	dla
827,761464	828,410000	każdego
828,660000	828,830000	i
828,810000	828,980000	z
828,960000	829,580000	dworskiej
829,580480	830,146919	kuchni
830,250000	830,375632	i
830,375632	830,480000	z
830,493195	831,279797	czeladniej
831,630000	832,092048	wszyscy
832,092048	832,280000	się
832,282286	832,860000	cisnęli
832,861550	833,070000	żeby
833,071025	833,230000	się
833,231338	833,730000	przełamać
833,731514	834,486053	opłatkiem
834,716904	835,140000	potem
835,140130	835,760000	dostawali
835,760006	836,340000	ogromny
836,341407	836,710000	kielich
836,709058	837,310000	wódki
837,610000	837,850000	a
837,850486	838,260000	ojciec
838,260886	838,390000	do
838,386999	838,600000	nich
838,598612	839,480000	przepijał
839,760000	840,400000	przychodzili
840,400529	840,640000	też
840,644204	841,560000	włodarze
841,810000	842,824459	stelmach
842,850000	843,692286	ogrodnik
844,000000	844,190000	ale
844,188187	844,423312	ci
844,466062	844,860000	tylko
844,861501	845,380000	opłatkiem
845,380914	845,590000	się
845,592527	846,379129	łamali
846,460000	846,660000	i
846,661279	847,140000	życzenia
847,140080	847,849732	składali
848,320000	848,700000	nagle
848,704734	849,170000	wszystkie
849,170710	849,630000	dziewuchy
849,610000	849,920000	jakie
849,900000	850,170000	były
850,150000	850,260000	w
850,240000	850,690000	kuchni
850,670000	851,260000	zaczynały
851,240000	851,970000	wrzeszczeć
852,230000	852,612092	jakby
852,570000	852,740000	je
852,720000	852,928443	kto
852,900000	853,050000	ze
853,030000	853,450000	skóry
853,454269	854,110000	obdzierał
854,340000	854,500000	a
854,480000	854,570000	w
854,580000	855,120000	oknach
855,100000	855,890000	pokazywały
855,882474	856,220000	się
856,280050	856,900000	pyzate
856,904201	857,400000	czerwone
857,400102	857,940000	gęby
858,290000	858,470000	nie
858,450000	858,740000	były
858,720000	858,970000	one
858,973306	859,660000	straszne
859,742807	860,010000	kiedy
859,990000	860,440000	wisiały
860,420000	860,700000	jako
860,700409	861,100000	maski
861,080000	861,210000	na
861,204860	861,740000	straganach
861,720000	861,810000	w
861,811912	862,530000	miasteczku
862,760000	862,990000	ale
863,013189	863,410000	teraz
863,406490	863,598865	gdy
863,603140	863,760000	się
863,765591	864,230000	ruszały
864,227292	865,020000	okropnie
865,000000	865,130000	i
865,110000	865,760000	wykrzykiwały
865,766295	866,010000	za
866,014246	866,398996	oknem
866,590000	866,980000	mogły
866,980398	867,170000	się
867,172773	867,820000	niejednemu
867,826849	868,330000	włosy
868,331301	868,900000	zjeżyć
868,899877	869,020000	na
869,019577	869,515478	głowie
870,020000	870,360000	dzieci
870,360861	870,940000	uciekały
870,940125	871,100000	co
871,099369	871,370000	sił
871,371901	871,513732	do
871,554657	872,076209	pokoju
872,381872	872,518672	po
872,518672	872,850000	chwili
872,852123	873,250000	jednak
873,253974	873,800000	wracały
873,801175	874,340000	znowu
874,320000	874,440000	i
874,420000	874,610000	z
874,613426	875,020000	jedną
875,023827	875,420000	nogą
875,423541	875,556066	na
875,611641	876,081892	progu
876,430000	877,030000	patrzyły
877,033082	877,290000	jak
877,289582	877,730000	wchodził
877,734183	877,890000	do
877,888083	878,390000	kuchni
878,392535	879,110000	gwiazdor
879,090000	879,190000	z
879,170000	879,730000	wielką
879,728475	880,150000	siwą
880,151701	880,610000	brodą
880,830000	880,980000	i
881,015253	881,393190	pytał
881,391453	881,680000	dzieci
881,680017	882,260000	kucharki
882,259280	882,370000	o
882,400356	883,000000	pacierz
883,289557	883,690000	później
883,691408	883,960000	myśmy
883,940000	884,150000	się
884,130000	884,210000	z
884,190000	884,790000	rodzicami
884,787948	885,320000	dzielili
885,315912	886,040000	opłatkiem
886,020000	886,120000	i
886,100000	886,670000	nareszcie
886,668952	887,400000	zasiadaliśmy
887,402116	887,540000	do
887,541054	888,159862	wieczerzy
888,459112	888,879132	podczas
888,879132	889,280000	której
889,280983	889,680000	matka
889,682834	890,380000	drżała
890,383935	890,610000	aby
890,610511	891,040000	dzieci
891,040149	891,190000	nie
891,194049	891,750000	udławiły
891,749800	891,960000	się
891,940000	892,420000	ością
892,660000	892,760000	a
892,762978	893,230000	dzieci
893,228954	893,590000	jadły
893,590192	893,800000	ryby
893,803942	893,970000	ze
893,968530	894,560000	strachem
894,540000	894,670000	i
894,667494	895,140000	zdawało
895,139883	895,320000	im
895,323708	895,520000	się
895,520359	895,930000	czasem
896,224666	896,370000	że
896,369482	896,540000	się
896,541017	897,156084	dławią
897,511444	897,831001	wtedy
897,829932	898,220000	ojciec
898,200000	898,533171	kazał
898,581265	898,811265	im
898,813184	899,080000	jeść
899,080372	899,400000	dużo
899,402067	900,018737	kartofli
900,335088	900,460000	i
900,440000	900,780000	były
900,780757	901,620000	zachwycone
902,010000	902,180000	do
902,180823	902,610000	wieczerzy
902,612599	902,880000	dzieci
902,879787	903,430000	dostawały
903,431263	903,980000	słodkiego
903,979533	904,890000	muszkatołowego
904,889041	905,270586	wina
905,303717	905,450000	i
905,475786	905,990000	prosiły
905,991993	906,120000	o
906,119175	906,680000	jeszcze
906,998758	907,140000	w
907,141971	907,520000	końcu
907,520309	908,060000	zjawiały
908,040000	908,240000	się
908,220000	908,960000	bakalie
909,300000	909,730000	sen
909,730489	910,240000	całego
910,241352	910,750000	roku
911,110000	911,780000	słodycz
911,780356	912,440000	daktyli
912,455807	913,180000	pachnąca
913,182559	913,400000	i
913,400584	913,770000	ostra
913,770372	914,240000	słodycz
914,240623	914,469336	fig
914,940000	915,660000	aromatycznie
915,662064	916,240000	szczypiące
916,241328	916,953117	rodzynki
917,320000	917,840000	zimne
917,840181	918,757171	marmoladki
919,120000	919,690000	wonne
919,690191	920,230000	korzenne
920,255561	920,920000	pierniki
921,208663	921,298663	a
921,300000	921,470000	na
921,509208	922,022209	końcu
922,130000	922,856904	orzechy
923,340000	923,770000	duże
923,771756	924,270000	włoskie
924,270864	924,670000	orzechy
924,669508	925,260000	jedliśmy
925,260528	925,360000	z
925,362060	925,964836	miodem
926,110186	926,232024	a
926,229886	926,690000	małymi
926,691587	927,280000	laskowymi
927,281539	927,900000	graliśmy
927,880000	927,970000	z
927,950000	928,400000	ojcem
928,380000	928,520000	w
928,519154	928,900000	cetno
928,901767	929,050000	i
929,053530	929,560000	licho
929,970000	930,100000	po
930,103045	930,570000	wieczerzy
930,571158	930,950000	jeszcze
930,951634	931,300000	raz
931,297910	931,840000	zapalano
931,842973	932,530000	świeczki
932,910000	933,730000	słodka
933,730390	934,260000	nuda
934,260491	934,820000	ogarniała
934,820517	935,730000	wszystkich
935,765294	936,010000	jak
936,011107	936,470000	zawsze
936,513421	936,650000	po
936,654496	937,300000	nasyceniu
937,293610	937,510000	się
937,509498	938,000000	wielkim
938,001124	938,997201	szczęściem
939,381952	940,080000	półśniąc
940,078778	940,300000	nad
940,303216	940,700000	naszymi
940,707205	941,457469	zabawkami
941,770000	942,520000	słyszeliśmy
942,521946	942,760000	jak
942,761347	942,913110	we
942,908835	943,361985	mgle
943,760000	943,890000	z
943,896362	944,400000	obszarów
944,400813	944,780000	nocy
944,760000	944,880000	i
944,860000	945,360000	mrozu
945,431090	945,890000	płynie
945,888516	946,750000	kolęda
947,150000	947,380000	gdy
947,380494	947,580000	się
947,581419	948,210000	chrystus
948,214121	948,670000	rodzi
948,650000	948,800000	i
948,780000	948,930000	na
948,930185	949,390000	świat
949,349992	950,188106	przychodzi
950,657289	951,160000	ciemna
951,140000	951,500000	noc
951,480000	951,560000	w
951,540000	952,408973	jasnościach
952,492871	953,330000	promienistych
953,310000	954,004086	brodzi
954,379753	954,460000	w
954,460443	954,920000	blaskach
954,900000	955,150000	tej
955,130000	955,429267	nocy
955,430000	955,990000	zaczynała
955,970000	956,591536	tańczyć
956,652454	957,110000	czerwona
957,090000	957,870000	gwiazda
958,275355	958,463455	i
958,463455	958,930000	chłopcy
958,930500	959,570000	wszczynali
959,550000	960,170000	pieśń
960,150000	960,270000	o
960,250000	960,875629	sianie
961,336261	961,950000	wynidź
961,993544	962,140000	ty
962,157597	962,813277	książę
962,813277	963,069466	z
963,069243	963,540000	złotego
963,540028	964,160000	pokoja
964,491218	964,800000	niech
964,800087	964,980000	go
964,960000	965,540000	okryje
965,540733	965,969837	sianem
965,970000	966,418446	ręka
966,460661	967,033245	twoja
967,448990	967,620000	o
967,620525	968,140000	siano
968,120000	968,733096	siano
968,825543	968,950000	o
968,950053	970,055142	nieprzepłacone
970,450000	971,220000	godne
971,290000	971,620000	byś
971,600000	971,730000	w
971,710000	972,280000	raju
972,260000	972,680000	było
972,727023	973,450000	pokoszone
976,181230	976,781335	czytała
976,942182	977,590000	joanna
977,591983	978,394616	domańska
